181
5 10 14
5 10 23
0 5 23
13 20 24
6 26 29
4 11 31
13 24 32
3 16 33
16 25 33
6 26 34
8 9 35
0 23 35
8 23 35
20 24 36
26 34 37
3 10 37
10 14 37
26 29 39
1 12 39
1 29 39
15 21 43
4 11 46
45 46 48
4 46 48
4 47 48
15 22 48
22 47 48
1 12 49
13 32 50
28 42 51
2 42 51
32 50 52
24 32 52
24 38 52
10 23 54
3 10 54
3 33 54
8 23 54
1 29 56
1 40 56
9 35 57
24 38 58
24 36 58
20 36 59
25 36 59
33 54 60
25 33 60
0 5 61
0 49 61
2 42 63
42 57 63
30 38 64
38 58 64
17 53 65
13 20 65
17 59 65
20 59 65
13 50 65
7 66 67
15 43 67
27 52 68
50 52 68
27 68 69
40 63 70
2 63 70
2 46 70
17 53 71
66 67 72
43 67 72
68 69 73
53 69 73
53 65 73
50 65 73
50 68 73
11 31 75
11 74 75
27 69 75
27 74 75
58 64 76
8 54 76
54 58 76
30 64 76
57 63 77
1 49 77
0 49 77
0 35 77
35 57 77
1 40 77
40 63 77
12 39 78
26 39 78
14 37 78
26 37 78
5 14 78
5 61 78
12 49 78
49 61 78
45 48 79
45 46 79
7 70 79
46 70 79
15 48 79
7 67 79
15 67 79
66 72 80
18 41 80
18 66 80
19 55 81
42 57 82
28 42 82
30 38 82
28 52 82
38 52 82
19 81 83
18 41 84
18 44 84
62 71 85
17 71 85
16 62 85
16 25 85
17 59 85
25 59 85
53 69 86
53 81 86
69 75 86
31 75 86
15 22 87
19 55 87
19 83 87
31 83 87
6 29 88
29 56 88
22 47 89
22 87 89
31 87 89
4 31 89
4 47 89
36 58 90
54 58 90
54 60 90
25 36 90
25 60 90
11 74 91
2 46 91
11 46 91
2 51 91
28 51 91
18 44 92
7 70 92
7 66 92
18 66 92
27 74 93
27 52 93
28 52 93
28 91 93
74 91 93
41 84 94
41 80 94
72 80 94
81 86 95
31 86 95
31 83 95
81 83 95
72 94 96
84 94 96
21 43 96
43 72 96
30 76 97
30 82 97
9 57 97
57 82 97
40 56 98
56 88 98
44 88 98
44 92 98
40 70 98
70 92 98
8 9 99
9 97 99
8 76 99
76 97 99
