1962
32 38 86
16 47 97
40 59 149
90 125 150
9 77 153
132 165 193
17 117 204
9 153 211
7 149 231
115 196 244
11 51 247
8 11 247
60 182 262
8 11 265
88 206 269
120 259 270
11 51 272
11 265 272
197 202 278
138 255 285
60 182 287
42 277 289
53 266 292
16 97 293
130 144 297
149 231 303
42 289 304
137 209 306
152 209 306
177 282 307
33 236 310
107 109 312
53 266 315
53 292 315
61 292 315
152 209 317
4 75 321
75 224 321
91 251 325
85 217 328
16 293 329
16 313 329
115 225 332
196 244 335
26 101 336
44 63 338
99 146 339
74 325 340
13 105 343
157 245 345
157 308 345
97 179 346
97 293 346
59 263 350
153 263 350
47 79 351
47 97 351
168 300 352
101 336 352
168 336 352
26 105 354
70 105 354
261 262 357
182 262 357
115 196 358
62 225 358
115 225 358
66 136 359
19 98 360
98 253 360
1 119 364
169 182 366
182 287 366
77 153 369
153 263 369
12 250 372
261 357 373
99 146 377
47 79 378
79 257 378
152 317 384
202 278 385
19 30 386
48 170 393
48 246 393
78 323 397
109 312 398
231 303 401
90 288 402
288 401 402
197 202 403
181 198 405
181 368 405
319 368 405
124 380 406
353 380 406
25 96 407
183 186 411
129 367 412
16 313 413
312 398 414
116 312 414
143 395 416
168 395 416
181 368 417
319 368 417
164 241 418
12 372 420
110 113 421
113 286 421
143 395 422
143 229 422
186 361 423
183 186 423
183 365 423
294 301 424
118 258 425
19 98 426
102 307 427
113 307 427
110 113 427
179 346 428
238 346 428
27 361 429
186 361 429
186 411 432
35 161 434
35 342 434
18 45 435
18 199 435
45 413 435
197 278 436
301 424 438
199 435 440
371 404 441
251 299 442
112 433 443
21 43 444
93 110 446
110 421 446
66 136 447
56 334 449
334 437 449
185 189 453
185 452 453
280 367 453
367 412 453
13 105 454
13 229 454
229 422 454
171 198 455
198 405 455
249 405 455
202 373 456
202 403 456
124 406 457
268 406 457
72 347 458
132 193 459
36 199 460
18 199 460
1 119 461
1 157 461
157 245 461
410 419 462
34 419 462
365 423 463
361 423 463
14 31 464
233 338 466
63 338 466
265 272 468
158 327 471
156 243 473
147 389 473
235 445 474
176 215 477
75 267 477
128 205 480
248 350 481
19 360 482
19 386 482
233 466 484
58 63 484
63 466 484
134 216 485
313 329 486
233 329 486
233 338 486
64 275 487
89 271 489
21 23 490
21 43 490
58 484 493
58 394 493
407 433 495
112 433 495
112 442 495
299 442 495
147 389 496
122 389 496
9 211 497
191 306 498
245 345 499
2 114 499
114 357 499
39 96 501
39 126 501
126 388 501
376 388 501
135 145 502
135 296 502
22 488 503
196 335 504
196 358 504
249 405 507
95 409 508
55 349 509
266 376 510
376 388 510
126 388 510
39 108 510
39 126 510
349 509 511
315 360 513
360 482 513
177 282 514
245 499 514
2 177 514
2 499 514
67 172 515
118 425 516
142 425 516
172 515 517
61 515 517
183 365 519
365 391 519
287 366 524
132 165 525
132 455 525
171 455 525
313 413 526
313 486 526
338 486 526
40 223 527
64 320 528
281 320 528
145 502 530
135 145 530
120 505 531
201 290 531
194 279 533
242 532 533
252 532 533
207 327 534
8 247 534
8 158 534
158 327 534
362 488 535
488 503 535
173 242 536
242 532 536
73 111 536
111 532 536
207 327 539
327 471 539
29 140 540
280 453 541
452 453 541
241 323 542
29 65 543
185 452 544
103 154 544
103 185 544
46 190 544
154 190 544
84 520 545
103 271 546
103 185 546
185 189 546
247 534 547
51 247 547
51 355 547
159 355 547
258 425 548
425 506 548
193 459 549
12 180 550
116 226 550
92 180 550
92 226 550
55 469 551
251 442 552
157 308 553
326 483 554
465 546 555
76 546 555
76 381 555
266 292 556
108 510 556
266 510 556
67 515 556
251 552 557
323 332 560
323 542 560
14 31 561
31 561 562
419 561 562
278 436 563
278 385 563
174 436 563
200 236 564
200 518 564
137 306 565
162 457 566
268 457 566
112 443 567
112 442 567
442 552 567
58 394 568
7 450 568
106 201 569
32 86 569
86 212 569
381 555 570
465 555 570
330 366 571
366 524 571
524 559 571
282 431 572
245 514 572
282 514 572
505 531 573
290 531 573
156 243 573
243 290 573
222 246 574
295 331 574
345 499 575
357 499 575
46 544 576
358 504 577
62 358 577
214 376 578
370 386 579
30 386 579
30 216 579
216 485 579
370 485 579
250 274 580
250 372 580
28 545 581
141 203 582
34 230 582
306 498 583
306 565 583
50 142 585
142 425 585
425 506 585
183 519 586
391 519 586
31 391 586
31 562 586
183 411 586
411 562 586
125 223 587
401 402 587
90 125 587
90 402 587
167 318 589
215 477 591
267 477 591
453 472 592
41 124 593
124 457 593
41 273 593
273 538 593
29 140 595
326 483 596
50 585 598
50 491 598
322 491 598
68 481 601
248 481 601
68 222 601
93 110 602
93 375 602
40 527 604
131 394 605
394 493 605
72 220 606
72 458 606
44 338 606
338 526 606
6 517 607
281 528 608
242 533 609
279 533 609
194 279 610
279 609 610
121 228 611
168 416 611
168 300 611
437 449 612
144 297 612
297 437 612
56 449 612
178 242 614
178 563 614
174 175 614
174 563 614
173 175 614
173 242 614
37 372 615
21 444 616
76 381 617
381 570 617
472 592 617
257 440 617
257 592 617
78 591 618
280 367 619
280 541 619
544 576 619
452 541 619
452 544 619
74 325 620
74 191 620
191 306 620
152 306 620
152 325 620
97 179 621
55 349 622
150 603 623
125 150 623
125 529 623
48 170 623
170 529 623
48 205 623
43 444 624
444 616 624
30 216 625
19 30 625
19 426 625
210 523 626
162 566 626
9 497 626
9 77 626
77 523 626
103 271 627
103 154 627
200 232 628
200 236 628
236 310 628
81 464 629
141 582 629
119 364 630
1 364 630
1 157 630
157 553 630
46 119 631
46 190 631
190 302 631
119 461 631
234 396 634
234 410 634
410 419 634
76 546 636
76 617 636
472 617 636
189 546 636
189 453 636
453 472 636
54 463 637
163 365 637
365 463 637
254 492 638
15 304 638
164 221 639
300 467 640
121 611 640
300 611 640
271 546 641
465 546 641
37 372 641
372 420 641
465 570 641
296 502 642
502 530 642
38 139 643
139 399 643
52 65 644
165 193 645
10 463 646
54 463 646
54 479 646
200 518 647
337 478 648
298 478 648
337 470 648
293 329 649
293 346 649
238 346 649
60 262 650
60 520 650
72 220 651
310 628 651
220 232 651
232 628 651
33 310 651
72 347 651
188 380 652
353 380 652
231 401 653
288 401 653
231 236 653
236 564 653
132 455 654
132 459 654
459 622 654
181 198 655
171 198 655
66 171 655
66 447 655
201 392 656
201 531 656
232 250 657
250 274 657
93 431 658
93 446 658
421 446 658
286 421 658
324 600 661
17 204 662
17 476 662
91 111 663
111 532 663
252 532 663
91 325 663
152 252 663
152 325 663
161 434 664
161 438 664
301 438 664
542 560 665
522 659 666
260 379 666
379 659 666
200 232 667
200 647 667
167 317 668
317 384 668
194 384 668
194 610 668
167 581 668
581 610 668
178 242 669
242 609 669
28 581 670
581 610 670
147 496 671
156 387 671
147 473 671
156 473 671
166 577 672
504 577 672
260 379 672
260 504 672
42 123 673
42 277 673
357 575 673
357 373 673
50 491 674
248 350 674
100 552 675
73 111 675
552 557 675
91 111 675
91 557 675
109 439 676
107 109 676
107 227 676
160 227 676
439 494 676
176 590 677
176 477 677
4 75 677
75 477 677
100 590 677
4 187 677
100 187 677
128 205 678
128 400 678
331 400 678
471 539 679
65 543 679
509 511 680
212 646 680
302 632 681
302 631 681
100 675 682
73 675 682
73 187 682
100 187 682
82 94 683
94 104 683
172 517 683
85 328 684
92 226 685
92 595 685
140 595 685
99 339 686
99 451 686
66 359 687
66 171 687
171 525 687
170 529 688
527 604 688
170 393 688
223 527 688
125 223 688
125 529 688
82 94 689
94 443 689
316 443 689
390 687 690
186 429 690
186 432 690
137 209 691
137 565 691
565 583 691
113 307 692
282 307 692
102 307 693
177 307 693
31 391 694
31 464 694
81 464 694
163 686 694
163 365 694
365 391 694
324 600 695
4 321 695
4 600 695
325 340 696
251 299 696
251 325 696
74 340 696
70 105 697
105 343 697
70 138 697
138 255 697
91 251 698
251 557 698
91 557 698
27 305 699
193 645 699
27 429 699
429 645 699
363 417 700
136 447 700
494 644 701
439 494 701
109 398 701
109 439 701
522 659 702
138 285 703
210 523 704
131 523 704
131 605 704
210 492 704
492 605 704
107 312 706
107 420 706
213 420 706
116 312 706
116 550 706
213 550 706
266 376 707
214 376 707
537 691 707
583 691 707
104 215 708
78 591 708
215 591 708
104 418 708
241 418 708
78 323 708
241 323 708
64 275 709
64 320 709
320 633 709
275 337 709
349 622 710
349 511 710
459 549 710
459 622 710
16 47 711
47 378 711
435 440 711
257 378 711
257 440 711
16 413 711
413 435 711
353 652 712
258 353 712
26 101 713
101 352 713
300 352 713
26 354 713
445 474 714
430 441 714
167 317 715
167 589 715
209 317 715
209 691 715
448 588 716
229 588 716
285 703 717
530 642 717
20 294 718
294 424 718
424 438 718
139 392 719
139 399 719
208 399 719
208 633 719
56 612 720
56 596 720
483 596 720
102 330 722
102 693 722
169 693 722
169 366 722
330 366 722
81 629 723
141 184 723
141 629 723
99 377 725
128 480 727
703 717 727
642 717 727
208 633 728
633 709 728
208 399 728
399 643 728
277 289 729
373 456 729
277 673 729
373 673 729
49 160 730
160 276 730
616 624 731
264 371 732
217 314 733
291 314 733
291 342 733
134 485 734
134 362 734
362 488 734
370 485 735
485 734 735
22 488 735
488 734 735
24 107 736
107 420 736
20 294 736
57 294 736
268 406 737
406 548 737
322 598 737
322 491 737
491 497 737
266 315 738
315 513 738
482 513 738
188 380 739
380 558 739
188 382 739
259 500 740
500 505 740
120 259 740
120 505 740
162 626 742
162 457 742
457 593 742
210 593 742
210 626 742
230 713 744
34 230 744
34 462 744
300 467 744
300 713 744
152 252 745
152 384 745
194 384 745
79 351 746
497 626 747
268 737 747
497 737 747
268 566 747
566 626 747
25 498 748
246 393 749
68 222 749
222 246 749
393 688 749
68 481 749
350 481 749
135 296 750
135 355 750
159 355 750
283 530 751
283 743 751
87 309 752
88 130 753
130 144 753
133 298 754
298 478 754
724 741 754
85 468 756
272 468 756
85 217 756
217 314 756
643 728 757
724 728 757
363 700 758
88 753 758
40 149 759
149 303 759
303 401 759
401 587 759
40 223 759
223 587 759
120 608 760
120 531 760
531 656 760
392 656 760
281 608 760
193 699 761
305 699 761
305 680 761
511 680 761
193 549 761
511 710 761
549 710 761
120 270 762
120 608 762
15 538 763
15 638 763
492 638 763
538 593 763
210 492 763
210 593 763
155 328 764
328 684 764
54 637 765
54 741 765
597 741 765
163 637 765
163 686 765
451 686 765
553 630 766
553 726 766
129 726 766
450 568 767
44 63 767
58 63 767
58 568 767
383 408 768
343 697 768
408 697 768
191 498 769
25 498 769
74 191 769
25 696 769
74 696 769
241 542 770
542 639 770
164 241 770
164 639 770
235 396 771
37 641 772
5 460 772
36 460 772
36 570 772
570 641 772
160 227 773
24 49 773
49 160 773
24 107 773
107 227 773
0 122 774
104 215 775
215 635 775
443 567 775
567 635 775
94 104 775
94 443 775
264 371 776
326 596 776
159 750 777
159 547 777
296 750 777
480 727 777
296 642 777
642 727 777
127 374 778
127 469 778
622 654 778
55 469 778
55 622 778
39 108 779
108 311 779
39 96 779
96 407 779
75 267 780
75 224 780
222 377 781
222 574 781
295 574 781
415 427 782
330 571 782
102 330 782
102 427 782
59 350 783
350 749 783
40 59 783
522 702 784
500 522 784
500 505 784
505 573 784
156 573 784
156 387 784
387 702 784
559 571 785
415 782 785
571 782 785
151 584 786
35 161 786
80 721 787
80 539 787
539 679 787
201 290 788
243 290 788
0 774 788
594 751 789
383 594 789
348 768 789
383 768 789
144 612 790
415 427 791
110 427 791
110 707 791
537 707 791
87 309 792
87 490 792
122 774 792
309 788 792
774 788 792
44 767 793
44 606 793
458 606 793
450 458 793
450 767 793
564 653 794
653 721 794
518 564 794
311 779 795
34 755 796
34 419 796
419 561 796
14 561 796
14 755 796
207 534 797
534 547 797
547 777 797
480 777 797
150 207 797
150 603 797
412 453 798
726 746 798
129 412 798
129 726 798
597 725 799
597 741 799
133 754 799
741 754 799
218 725 799
537 691 800
691 715 800
284 589 800
589 715 800
136 700 801
700 758 801
720 790 801
483 720 801
104 683 802
104 418 802
164 221 802
164 418 802
517 683 802
6 221 802
6 517 802
52 65 803
65 679 803
471 679 803
13 229 804
13 343 804
343 768 804
348 768 804
283 584 805
584 786 805
274 657 806
69 621 807
179 621 807
179 428 807
575 673 807
123 428 807
123 673 807
69 308 807
308 345 807
345 575 807
83 238 808
238 649 808
329 649 808
83 239 808
233 239 808
233 329 808
127 469 809
469 551 809
106 551 809
106 201 809
201 788 809
724 741 810
479 757 810
724 757 810
54 479 810
54 741 810
410 462 811
410 467 811
462 744 811
467 744 811
224 321 812
321 695 812
324 695 812
407 779 813
779 795 813
62 225 814
62 503 814
503 535 814
535 665 814
560 665 814
140 540 815
644 701 815
398 701 815
398 414 815
140 685 815
414 685 815
335 504 816
260 504 816
260 666 816
429 645 817
165 645 817
165 525 817
525 687 817
429 690 817
687 690 817
270 397 818
195 762 818
270 762 818
78 397 818
78 618 818
195 618 818
118 356 819
298 356 819
298 648 819
470 648 819
371 776 820
371 441 820
430 441 820
359 687 821
390 687 821
27 361 822
10 463 822
361 463 822
219 589 823
84 520 823
219 520 823
84 318 823
318 589 823
217 328 824
217 733 824
281 760 825
281 320 825
320 633 825
633 719 825
392 719 825
392 760 825
97 621 826
97 351 826
351 746 826
403 456 827
41 124 827
12 180 828
647 667 828
7 369 829
7 149 829
59 149 829
59 263 829
263 369 829
176 215 830
215 635 830
176 590 830
590 635 830
350 674 831
153 211 831
153 350 831
491 674 831
211 497 831
491 497 831
583 707 832
214 707 832
214 578 832
578 748 832
498 583 832
498 748 832
733 824 833
342 733 833
342 705 833
705 730 833
276 730 833
258 712 834
470 819 834
118 258 834
118 819 834
570 617 835
36 199 835
36 570 835
199 440 835
440 617 835
27 305 836
10 822 836
27 822 836
10 646 836
305 680 836
646 680 836
133 799 837
218 799 837
356 599 837
133 298 837
298 356 837
128 400 838
141 400 838
141 660 838
128 727 838
660 727 838
218 725 839
377 725 839
218 837 839
599 837 839
609 610 840
475 669 840
609 669 840
610 670 840
23 490 841
87 490 841
89 302 842
302 632 842
65 644 843
29 65 843
29 540 843
540 815 843
644 815 843
333 496 844
496 671 844
387 671 844
333 731 844
616 731 844
585 598 845
506 548 845
506 585 845
548 737 845
598 737 845
52 644 846
52 764 846
155 764 846
494 644 846
155 676 846
494 676 846
235 396 847
235 445 847
121 445 847
121 640 847
631 662 848
476 662 848
631 681 848
136 359 849
359 821 849
113 692 850
113 286 850
286 658 850
431 658 850
282 431 850
282 692 850
404 441 851
441 714 851
445 714 851
371 404 851
371 732 851
448 716 852
448 743 852
195 618 853
195 762 853
267 780 853
267 591 853
591 618 853
543 679 854
29 543 854
29 595 854
679 787 854
173 536 855
173 382 855
71 148 855
148 382 855
71 187 855
73 187 855
73 536 855
659 702 856
387 702 856
387 844 856
341 432 857
411 432 857
411 562 857
419 562 857
341 634 857
419 634 857
134 216 858
206 269 859
197 558 860
197 403 860
124 827 860
403 827 860
124 380 860
380 558 860
643 757 861
86 212 861
38 86 861
38 643 861
212 646 861
479 646 861
479 757 861
721 794 862
595 854 862
721 787 862
787 854 862
518 794 862
117 375 863
3 632 863
632 681 863
746 798 864
79 746 864
79 257 864
257 592 864
453 592 864
453 798 864
64 528 865
64 487 865
224 812 865
487 812 865
50 142 866
142 248 866
50 674 866
248 674 866
203 354 867
203 582 867
230 582 867
230 713 867
354 713 867
219 520 868
219 524 868
287 524 868
60 287 868
60 520 868
276 833 869
824 833 869
299 495 870
25 696 870
299 696 870
25 407 870
407 495 870
283 805 871
161 852 871
283 743 871
743 852 871
161 786 871
786 805 871
545 581 872
84 318 872
84 545 872
167 318 872
167 581 872
353 406 873
406 548 873
258 353 873
258 548 873
62 503 874
22 503 874
62 577 874
22 166 874
166 577 874
69 308 875
308 553 875
553 726 875
69 621 875
621 826 875
726 746 875
746 826 875
190 302 876
271 627 876
89 271 876
89 302 876
154 190 876
154 627 876
262 650 877
520 650 877
28 545 877
520 545 877
28 670 877
70 354 878
203 354 878
141 203 878
141 660 878
70 138 878
138 703 878
660 727 878
703 727 878
244 500 879
259 500 879
115 244 879
115 332 879
323 332 879
323 397 879
259 270 879
270 397 879
116 226 880
226 685 880
116 414 880
414 685 880
348 789 881
348 588 881
448 588 881
155 676 882
160 676 882
160 276 882
276 869 882
155 328 882
328 824 882
824 869 882
240 256 883
375 602 883
3 256 883
3 863 883
375 863 883
110 602 883
122 792 884
624 731 884
333 731 884
122 496 884
333 496 884
490 792 884
43 490 884
43 624 884
95 661 885
95 508 885
148 508 885
71 148 885
71 187 885
600 661 885
4 187 885
4 600 885
8 158 886
158 471 886
684 764 886
471 803 886
52 764 886
52 803 886
8 265 886
265 468 886
85 468 886
85 684 886
231 347 887
33 236 887
231 236 887
33 651 887
347 651 887
326 554 888
554 820 888
326 776 888
776 820 888
383 408 889
255 285 889
285 594 889
383 594 889
255 697 889
408 697 889
670 840 890
475 840 890
475 877 890
670 877 890
390 771 891
390 690 891
396 771 891
341 634 891
396 634 891
341 432 891
432 690 891
151 756 892
314 756 892
119 630 893
129 766 893
630 766 893
129 367 893
367 619 893
576 619 893
46 119 893
46 576 893
17 117 894
117 863 894
681 863 894
17 476 894
476 848 894
681 848 894
205 480 895
480 797 895
603 797 895
205 623 895
603 623 895
390 821 896
554 849 896
821 849 896
136 849 897
136 801 897
483 801 897
483 554 897
554 849 897
127 809 898
127 374 898
192 237 898
309 788 898
788 809 898
213 420 899
12 420 899
12 550 899
213 550 899
749 783 900
604 688 900
688 749 900
40 604 900
40 783 900
319 417 901
363 417 901
363 758 901
88 206 901
88 758 901
245 461 902
461 631 902
631 662 902
753 758 903
758 801 903
790 801 903
77 369 904
77 523 904
131 523 904
131 394 904
2 177 905
177 693 905
2 114 905
57 736 906
24 736 906
24 49 906
49 57 906
377 781 907
146 377 907
146 613 907
184 613 907
184 781 907
487 812 908
95 661 908
324 661 908
324 812 908
559 791 909
415 791 909
415 785 909
559 785 909
3 256 910
240 256 910
240 489 910
3 632 910
632 842 910
309 898 911
237 898 911
237 752 911
309 752 911
92 180 912
180 828 912
647 828 912
92 595 912
475 669 913
475 877 913
178 669 913
178 563 913
385 563 913
319 901 914
521 859 914
206 859 914
206 901 914
337 470 915
275 337 915
275 487 915
95 908 915
487 908 915
431 572 916
93 375 916
93 431 916
21 23 917
284 589 918
219 589 918
219 524 918
284 559 918
524 559 918
356 599 919
118 356 919
118 516 919
516 601 919
301 664 920
434 664 920
342 434 920
342 705 920
294 301 920
500 522 921
244 335 921
244 500 921
522 666 921
335 816 921
666 816 921
291 314 922
314 892 922
35 786 922
151 786 922
151 892 922
578 748 923
376 501 923
376 578 923
96 501 923
25 96 923
25 748 923
572 916 924
117 204 924
117 375 924
375 916 924
245 572 924
245 902 924
204 662 924
662 902 924
316 443 925
433 443 925
407 433 925
407 813 925
795 813 925
311 316 925
311 795 925
142 516 926
516 601 926
142 248 926
248 601 926
597 725 927
451 765 927
597 765 927
99 451 927
99 725 927
192 237 928
192 249 928
87 752 928
237 752 928
87 841 928
249 841 928
594 751 929
530 751 929
530 717 929
285 594 929
285 717 929
221 639 930
6 221 930
6 607 930
344 607 930
143 264 931
143 416 931
319 914 932
319 405 932
405 507 932
521 914 932
507 917 932
289 304 933
15 304 933
15 538 933
273 538 933
41 273 933
41 827 933
456 827 933
289 729 933
456 729 933
612 720 934
720 790 934
612 790 934
192 898 935
374 898 935
455 654 935
374 778 935
654 778 935
192 249 935
249 455 935
83 239 936
83 238 936
238 254 936
484 493 936
233 239 936
233 484 936
106 551 937
509 680 937
55 509 937
55 551 937
212 680 937
106 569 937
212 569 937
228 732 938
121 228 938
121 445 938
445 851 938
732 851 938
80 721 939
90 288 939
80 539 939
288 653 939
653 721 939
537 791 940
537 800 940
284 800 940
284 559 940
559 791 940
34 582 941
14 755 941
34 755 941
14 464 941
464 629 941
582 629 941
470 915 942
95 409 942
95 915 942
470 834 942
712 834 942
552 567 943
567 635 943
100 552 943
100 590 943
590 635 943
228 611 944
416 611 944
416 931 944
377 839 945
599 839 945
599 919 945
601 919 945
222 377 945
222 601 945
515 556 946
292 556 946
61 292 946
61 515 946
409 942 947
188 652 947
652 712 947
712 942 947
122 389 948
0 122 948
0 788 948
243 788 948
243 473 948
389 473 948
448 743 949
743 751 949
751 789 949
448 881 949
789 881 949
61 512 950
61 517 950
517 607 950
344 607 950
134 344 950
134 858 950
709 728 951
337 478 951
337 709 951
724 728 951
478 754 951
724 754 951
274 580 952
5 772 952
37 772 952
5 806 952
274 806 952
558 739 953
174 436 953
197 436 953
197 558 953
173 175 953
174 175 953
173 382 953
382 739 953
188 382 954
148 382 954
148 508 954
409 508 954
188 947 954
409 947 954
229 588 955
229 804 955
348 588 955
348 804 955
877 913 956
261 262 956
262 877 956
385 913 956
202 385 956
202 373 956
261 373 956
430 820 957
430 714 957
474 714 957
82 689 958
67 172 958
82 683 958
172 683 958
316 689 958
311 316 958
395 422 959
168 336 959
168 395 959
18 45 960
5 460 960
18 460 960
141 400 961
141 184 961
184 781 961
295 781 961
295 331 961
331 400 961
234 410 962
410 467 962
467 640 962
234 396 962
396 847 962
640 847 962
264 732 963
264 931 963
931 944 963
228 732 963
228 944 963
220 606 964
220 232 964
232 657 964
657 806 964
45 960 965
5 960 965
5 806 965
806 964 965
45 413 965
413 526 965
526 606 965
606 964 965
493 936 966
254 936 966
493 605 966
254 492 966
492 605 966
7 450 967
7 231 967
231 347 967
347 458 967
450 458 967
42 123 968
123 428 968
238 428 968
238 254 968
254 638 968
42 304 968
304 638 968
647 912 969
595 912 969
518 647 969
518 862 969
595 862 969
331 678 970
48 246 970
246 574 970
331 574 970
48 205 970
205 678 970
23 841 971
23 917 971
507 917 971
249 507 971
249 841 971
426 625 972
216 625 972
216 858 972
169 182 973
114 905 973
114 357 973
182 357 973
169 693 973
693 905 973
315 360 974
253 360 974
253 512 974
61 315 974
61 512 974
89 489 975
89 842 975
489 910 975
842 910 975
49 57 976
57 294 976
294 920 976
705 920 976
49 730 976
705 730 976
108 311 977
67 556 977
108 556 977
67 958 977
311 958 977
135 355 978
51 272 978
51 355 978
272 756 978
283 584 978
151 584 978
151 756 978
135 530 978
283 530 978
252 533 979
252 745 979
194 533 979
194 745 979
528 865 980
528 608 980
608 762 980
224 865 980
762 853 980
224 780 980
780 853 980
144 753 981
144 790 981
753 903 981
790 903 981
90 150 982
150 207 982
207 539 982
90 939 982
539 939 982
166 370 983
370 735 983
22 166 983
22 735 983
639 930 984
542 639 984
362 535 984
535 665 984
542 665 984
344 930 984
134 344 984
134 362 984
672 844 985
844 856 985
379 672 985
379 659 985
659 856 985
32 38 986
38 139 986
139 392 986
201 392 986
32 569 986
201 569 986
7 568 987
394 568 987
394 904 987
7 369 987
369 904 987
426 972 988
98 426 988
98 253 988
253 512 988
858 972 988
512 950 988
858 950 988
225 332 989
332 560 989
225 814 989
560 814 989
580 952 990
372 580 990
372 615 990
37 615 990
37 952 990
390 896 991
820 957 991
554 820 991
554 896 991
474 957 991
235 474 991
235 771 991
390 771 991
88 130 992
88 269 992
269 859 992
521 932 993
917 932 993
521 859 993
859 992 993
12 250 994
232 250 994
232 667 994
12 828 994
667 828 994
291 342 995
35 342 995
35 922 995
291 922 995
339 686 996
81 723 996
146 339 996
146 613 996
184 613 996
184 723 996
81 694 996
686 694 996
130 297 997
297 437 997
334 437 997
130 992 997
447 700 998
181 655 998
447 655 998
181 417 998
417 700 998
336 959 999
26 336 999
26 105 999
105 454 999
422 454 999
422 959 999
