20.773
20.0628
19.3848
18.7383
18.1227
17.5373
16.9812
16.4536
15.9536
15.4801
15.0322
14.6088
14.2088
13.8311
13.4747
13.1384
12.8212
12.5221
12.24
11.9739
11.7229
11.4862
11.2627
11.0518
10.8526
10.6645
10.4866
10.3184
10.1592
10.0085
9.86568
9.7303
9.60187
9.47994
9.36411
9.254
9.14924
9.0495
8.95448
8.86389
8.77745
8.69491
8.61605
8.54064
8.46847
8.39937
8.33315
8.26964
8.2087
8.15017
8.09392
8.03984
7.98778
7.93766
7.88936
7.84279
7.79786
7.75448
7.71256
7.67205
7.63285
7.59492
7.55818
7.52258
7.48806
7.45456
7.42205
7.39047
7.35977
7.32992
7.30088
7.27261
7.24508
7.21824
7.19208
7.16656
7.14165
7.11732
7.09355
7.07032
7.04761
7.02538
7.00363
6.98233
6.96146
6.941
6.92095
6.90127
6.88196
6.86301
6.84439
6.8261
6.80813
6.79045
6.77306
6.75596
6.73912
6.72254
6.7062
6.69011
6.67425
6.65861
6.64319
6.62798
6.61296
6.59814
6.5835
6.56905
6.55477
6.54066
6.52671
6.51292
6.49928
6.48579
6.47244
6.45923
6.44615
6.4332
6.42038
6.40768
6.3951
6.38264
6.37028
6.35803
6.34589
6.33385
6.32191
6.31006
6.29831
6.28665
6.27508
6.26359
6.25219
6.24086
6.22962
6.21846
6.20736
6.19635
6.1854
6.17453
6.16372
6.15297
6.1423
6.13168
6.12113
6.11064
6.1002
6.08983
6.07951
6.06924
6.05903
6.04887
6.03876
6.02871
6.0187
6.00874
5.99883
5.98896
5.97914
5.96937
5.95963
5.94995
5.9403
5.93069
5.92113
5.9116
5.90212
5.89267
5.88326
5.87389
5.86455
5.85525
5.84599
5.83676
5.82756
5.8184
5.80927
5.80017
5.79111
5.78208
5.77308
5.76411
5.75517
5.74626
5.73738
5.72853
5.71971
5.71092
5.70216
5.69342
5.68471
5.67603
5.66738
5.65875
5.65015
5.64157
5.63302
5.6245
5.616
5.60752
5.59907
5.59065
5.58225
5.57387
5.56552
5.55719
5.54888
5.5406
5.53234
5.5241
5.51588
5.50769
5.49952
5.49137
5.48324
5.47514
5.46706
5.45899
5.45095
5.44293
5.43493
5.42695
5.419
5.41106
5.40314
5.39525
5.38737
5.37951
5.37167
5.36386
5.35606
5.34828
5.34052
5.33278
5.32506
5.31736
5.30968
5.30202
5.29437
5.28675
5.27914
5.27155
5.26398
5.25643
5.2489
5.24138
5.23388
5.2264
5.21894
5.2115
5.20408
5.19667
5.18928
5.1819
5.17455
5.16721
5.15989
5.15259
5.1453
5.13804
5.13079
5.12355
5.11633
5.10913
5.10195
5.09479
5.08764
5.0805
5.07339
5.06629
5.05921
5.05214
5.04509
5.03806
5.03104
5.02404
5.01706
5.01009
5.00314
4.9962
4.98929
4.98238
4.9755
4.96863
4.96177
4.95493
4.94811
4.9413
4.93451
4.92774
4.92098
4.91424
4.90751
4.9008
4.8941
4.88742
4.88075
4.8741
4.86747
4.86085
4.85425
4.84766
4.84109
4.83453
4.82799
4.82146
4.81495
4.80845
4.80197
4.79551
4.78905
4.78262
4.7762
4.76979
4.7634
4.75703
4.75067
4.74432
4.73799
4.73167
4.72537
4.71909
4.71282
4.70656
4.70032
4.69409
4.68788
4.68168
4.6755
4.66933
4.66318
4.65704
4.65091
4.6448
4.63871
4.63262
4.62656
4.62051
4.61447
4.60844
4.60243
4.59644
4.59046
4.58449
4.57854
4.5726
4.56668
4.56077
4.55487
4.54899
4.54313
4.53727
4.53143
4.52561
4.5198
4.514
4.50822
4.50245
4.49669
4.49095
4.48523
4.47951
4.47381
4.46813
4.46245
4.4568
4.45115
4.44552
4.4399
4.4343
4.42871
4.42313
4.41757
4.41202
4.40649
4.40096
4.39546
4.38996
4.38448
4.37901
4.37356
4.36812
4.36269
4.35727
4.35187
4.34648
4.34111
4.33575
4.3304
4.32506
4.31974
4.31443
4.30914
4.30386
4.29859
4.29333
4.28809
4.28286
4.27764
4.27243
4.26724
4.26206
4.2569
4.25175
4.24661
4.24148
4.23637
4.23126
4.22617
4.2211
4.21604
4.21098
4.20595
4.20092
4.19591
4.19091
4.18592
4.18094
4.17598
4.17103
4.16609
4.16117
4.15626
4.15135
4.14647
4.14159
4.13673
4.13187
4.12704
4.12221
4.11739
4.11259
4.1078
4.10302
4.09826
4.0935
4.08876
4.08403
4.07931
4.0746
4.06991
4.06523
4.06056
4.0559
4.05125
4.04662
4.04199
4.03738
4.03278
4.02819
4.02362
4.01905
4.0145
4.00996
4.00543
4.00091
3.9964
3.9919
3.98742
3.98295
3.97848
3.97403
3.9696
3.96517
3.96075
3.95635
3.95195
3.94757
3.9432
3.93884
3.93449
3.93015
3.92582
3.92151
3.9172
3.91291
3.90863
3.90435
3.90009
3.89584
3.8916
3.88737
3.88316
3.87895
3.87475
3.87057
3.86639
3.86223
3.85807
3.85393
3.8498
3.84567
3.84156
3.83746
3.83337
3.82929
3.82522
3.82116
3.81711
3.81307
3.80904
3.80502
3.80102
3.79702
3.79303
3.78905
3.78508
3.78113
3.77718
3.77324
3.76931
3.7654
3.76149
3.75759
3.7537
3.74982
3.74596
3.7421
3.73825
3.73441
3.73058
3.72676
3.72295
3.71915
3.71536
3.71158
3.70781
3.70404
3.70029
3.69655
3.69282
3.68909
3.68538
3.68167
3.67797
3.67429
3.67061
3.66694
3.66328
3.65963
3.65599
3.65236
3.64874
3.64512
3.64152
3.63792
3.63434
3.63076
3.62719
3.62363
3.62008
3.61654
3.613
3.60948
3.60596
3.60246
3.59896
3.59547
3.59199
3.58852
3.58505
3.5816
3.57815
3.57471
3.57128
3.56786
3.56445
3.56105
3.55765
3.55426
3.55089
3.54751
3.54415
3.5408
3.53745
3.53412
3.53079
3.52746
3.52415
3.52085
3.51755
3.51426
3.51098
3.50771
3.50444
3.50119
3.49794
3.4947
3.49146
3.48824
3.48502
3.48181
3.47861
3.47542
3.47223
3.46905
3.46588
3.46272
3.45956
3.45642
3.45328
3.45014
3.44702
3.4439
3.44079
3.43769
3.43459
3.43151
3.42843
3.42535
3.42229
3.41923
3.41618
3.41313
3.4101
3.40707
3.40405
3.40103
3.39802
3.39502
3.39203
3.38904
3.38607
3.38309
3.38013
3.37717
3.37422
3.37128
3.36834
3.36541
3.36248
3.35957
3.35666
3.35376
3.35086
3.34797
3.34509
3.34221
3.33934
3.33648
3.33363
3.33078
3.32794
3.3251
3.32227
3.31945
3.31663
3.31382
3.31102
3.30822
3.30543
3.30265
3.29987
3.2971
3.29434
3.29158
3.28883
3.28608
3.28335
3.28061
3.27789
3.27517
3.27245
3.26974
3.26704
3.26435
3.26166
3.25898
3.2563
3.25363
3.25096
3.2483
3.24565
3.243
3.24036
3.23773
3.2351
3.23248
3.22986
3.22725
3.22464
3.22204
3.21945
3.21686
3.21428
3.2117
3.20913
3.20657
3.20401
3.20146
3.19891
3.19637
3.19383
3.1913
3.18878
3.18626
3.18374
3.18123
3.17873
3.17623
3.17374
3.17126
3.16878
3.1663
3.16383
3.16137
3.15891
3.15645
3.15401
3.15156
3.14913
3.14669
3.14427
3.14184
3.13943
3.13702
3.13461
3.13221
3.12982
3.12743
3.12504
3.12266
3.12029
3.11792
3.11555
3.11319
3.11084
3.10849
3.10614
3.10381
3.10147
3.09914
3.09682
3.0945
3.09218
3.08988
3.08757
3.08527
3.08298
3.08069
3.0784
3.07612
3.07385
3.07158
3.06931
3.06705
3.06479
3.06254
3.0603
3.05805
3.05582
3.05359
3.05136
3.04913
3.04692
3.0447
3.04249
3.04029
3.03809
3.03589
3.0337
3.03152
3.02934
3.02716
3.02499
3.02282
3.02065
3.0185
3.01634
3.01419
3.01205
3.0099
3.00777
3.00563
3.00351
3.00138
2.99926
2.99715
2.99504
2.99293
2.99083
2.98873
2.98664
2.98455
2.98246
2.98038
2.97831
2.97623
2.97417
2.9721
2.97004
2.96799
2.96594
2.96389
2.96185
2.95981
2.95777
2.95574
2.95371
2.95169
2.94967
2.94766
2.94565
2.94364
2.94164
2.93964
2.93765
2.93566
2.93367
2.93169
2.92971
2.92773
2.92576
2.92379
2.92183
2.91987
2.91792
2.91597
2.91402
2.91207
2.91013
2.9082
2.90627
2.90434
2.90241
2.90049
2.89857
2.89666
2.89475
2.89285
2.89094
2.88904
2.88715
2.88526
2.88337
2.88149
2.87961
2.87773
2.87586
2.87399
2.87212
2.87026
2.8684
2.86655
2.8647
2.86285
2.861
2.85916
2.85733
2.85549
2.85366
2.85184
2.85001
2.84819
2.84638
2.84456
2.84276
2.84095
2.83915
2.83735
2.83555
2.83376
2.83197
2.83019
2.8284
2.82663
2.82485
2.82308
2.82131
2.81955
2.81778
2.81603
2.81427
2.81252
2.81077
2.80902
2.80728
2.80554
2.80381
2.80207
2.80035
2.79862
2.7969
2.79518
2.79346
2.79175
2.79004
2.78833
2.78663
2.78493
2.78323
2.78153
2.77984
2.77816
2.77647
2.77479
2.77311
2.77143
2.76976
2.76809
2.76643
2.76476
2.7631
2.76145
2.75979
2.75814
2.75649
2.75485
2.7532
2.75156
2.74993
2.74829
2.74666
2.74504
2.74341
2.74179
2.74017
2.73856
2.73694
2.73533
2.73373
2.73212
2.73052
2.72892
2.72733
2.72574
2.72415
2.72256
2.72097
2.71939
2.71781
2.71624
2.71467
2.7131
2.71153
2.70996
2.7084
2.70684
2.70529
2.70373
2.70218
2.70064
2.69909
2.69755
2.69601
2.69447
2.69294
2.69141
2.68988
2.68835
2.68683
2.68531
2.68379
2.68227
2.68076
2.67925
2.67774
2.67624
2.67474
2.67324
2.67174
2.67024
2.66875
2.66726
2.66578
2.66429
2.66281
2.66133
2.65985
2.65838
2.65691
2.65544
2.65397
2.65251
2.65105
2.64959
2.64813
2.64668
2.64523
2.64378
2.64233
2.64089
2.63945
2.63801
2.63657
2.63514
2.63371
2.63228
2.63085
2.62943
2.62801
2.62659
2.62517
2.62375
2.62234
2.62093
2.61952
2.61812
2.61672
2.61532
