100
42 -31
24 -66
-20 -12
94 26
-66 10
70 -24
68 -98
-60 -51
42 -4
31 -14
84 -17
-43 15
46 -74
32 54
89 -45
-97 -56
94 60
49 81
-58 -84
-94 62
43 56
-92 -80
-98 34
63 -10
30 40
66 47
56 -83
-14 28
-9 7
-1 -86
24 11
-66 43
25 44
87 29
99 -89
36 -22
61 46
93 -53
21 20
50 -79
-5 -66
-66 -82
-8 -1
-86 -68
-48 -88
-66 -22
-54 -16
-77 6
-75 -19
39 -54
19 46
-9 -1
15 28
20 89
69 5
-97 70
-2 -82
13 -19
37 25
49 61
70 31
50 -38
96 98
-2 -26
25 14
30 73
-68 -69
-78 -66
-1 44
-22 56
-36 -50
52 95
-78 -74
-7 55
-33 16
-26 54
33 9
4 -31
61 -46
-67 -32
-68 -72
-81 67
15 4
-91 60
-71 -87
76 93
-38 63
-99 39
-16 -92
-85 24
68 33
-27 -2
-38 -56
-13 17
-74 -80
-69 64
-86 -80
25 2
-27 -65
32 -5
