1000
166 861
-620 -760
-710 -408
-912 -806
-362 314
-122 -830
-668 704
26 -448
585 -602
-26 -261
376 411
622 -560
107 -943
907 -86
562 156
-277 -334
-299 -689
-786 -741
-188 -806
-840 941
973 -958
296 999
-482 954
423 948
755 -992
-781 300
794 -9
414 443
-654 -102
420 -779
-792 958
534 171
180 553
110 -616
627 131
891 -747
-218 -876
-121 -966
167 518
-875 424
211 -359
-289 -221
-352 -410
265 953
-86 -551
-185 -775
-623 -880
-338 -723
375 -278
826 -966
42 -140
635 -517
550 -749
-968 588
272 292
314 614
999 838
876 -977
-126 -463
105 -349
-698 -245
-881 682
-397 891
-117 -501
-104 400
469 -757
705 641
-797 539
194 -134
-470 -631
753 -151
-351 149
12 -595
-527 185
-759 226
-318 411
-338 -938
-36 -290
-390 610
-363 -775
394 -614
453 56
-713 558
-238 -503
-710 -133
680 -666
180 514
344 842
752 944
-805 -978
306 -516
-651 236
239 -845
-933 -628
-670 518
-242 178
-867 389
-384 -675
-839 846
313 92
-499 312
820 43
-833 -373
-640 -991
-584 565
805 -56
217 598
699 -999
-861 483
620 -992
-985 -620
-576 157
-671 378
-938 -532
-700 -401
-371 818
300 -969
-836 -730
44 10
-619 -795
-130 609
827 249
156 887
-396 -461
-267 -94
280 -372
-975 416
306 694
486 -251
-504 -830
843 955
-76 -372
463 614
149 185
-655 822
698 -423
772 686
-879 75
746 -192
70 479
387 -845
537 -94
68 -88
998 55
843 924
700 -413
346 64
30 936
-340 144
140 -417
400 -474
869 -614
-747 93
23 -281
-625 -948
646 -793
-78 871
-604 -719
543 -605
613 -446
699 -893
973 -624
-153 -175
370 208
-576 643
503 554
-416 991
-739 -102
869 101
-786 -353
319 -294
576 659
-788 561
-427 82
-448 -34
-449 -33
-482 397
-762 -464
-499 -42
-397 -572
190 -849
613 767
-734 -308
521 298
407 15
-474 -973
487 338
-375 239
-303 59
-428 -969
-650 -908
-794 209
354 749
444 544
-620 4
-321 558
-325 856
-396 -138
599 723
-243 -844
116 -720
89 646
-432 -158
594 -47
-792 -713
444 -307
716 947
474 -535
49 453
-855 43
-133 -298
1 -237
266 489
151 -993
-972 273
-512 485
-726 923
742 -717
198 101
-783 -208
-7 -639
-641 675
281 -83
259 -368
-237 422
-410 835
274 -904
720 -981
903 283
998 -113
697 81
115 -562
38 -753
-205 -534
738 257
795 357
127 -645
340 796
-306 -485
-235 -505
-962 -902
-514 682
-520 63
80 815
-291 847
-722 -670
342 -212
601 -548
91 -151
394 814
38 -873
-647 274
-640 97
-856 835
-228 -428
755 -207
-951 -815
-317 -809
-27 17
-219 718
-238 950
-545 -266
-599 -269
38 -328
991 345
627 -582
-989 556
-388 464
-125 -168
716 963
-260 627
-779 -997
720 -595
-288 -247
-32 -873
-91 347
756 -829
-421 -377
-474 -104
-612 -2
-506 -894
-99 511
-805 -556
900 -522
-851 -178
732 -236
-937 -558
-772 -265
288 -571
-398 -363
70 749
846 -731
-931 591
-314 -618
936 -899
410 -134
647 -390
854 937
79 172
-685 318
817 138
968 -812
-779 -854
189 -471
-340 -379
401 477
-789 152
-864 -495
-523 -638
270 800
105 -642
-781 477
321 -998
-188 -655
785 -693
-974 628
-725 479
-785 18
-723 -118
594 879
-80 465
-289 354
-8 -147
-431 721
-277 315
-717 222
914 530
538 -600
703 -739
-271 -595
-862 -315
433 -185
-383 793
169 980
983 876
-273 898
830 43
-27 224
-159 -567
351 87
-741 242
641 328
873 -785
884 -142
-650 753
-605 -585
-333 -596
27 -558
923 -250
364 582
113 -242
-371 -716
834 106
-141 7
704 -43
655 -485
87 63
-626 -376
-372 894
741 606
-922 916
434 378
-585 817
704 827
-612 -771
454 258
-812 -280
-517 -864
572 845
21 -344
-694 996
956 424
33 -973
-490 -312
350 717
-907 -683
-988 356
256 18
-330 -786
-196 968
-272 -39
-327 -942
-326 59
831 -261
-690 25
-485 -106
-825 1000
-96 898
-979 411
91 930
713 424
498 215
71 597
321 -280
-106 -413
926 68
741 284
-322 661
464 -967
52 455
461 -175
231 -494
259 -502
-386 -173
907 410
550 851
-135 -92
-770 373
808 -206
-226 142
733 209
534 306
-480 -829
-189 -716
384 -953
-919 -280
939 107
632 814
-576 641
640 212
125 -1000
-940 -567
962 20
452 301
982 -895
1 -44
-810 860
-930 -426
-380 -522
543 433
889 424
-867 -572
572 332
-698 396
916 -757
-192 -780
-436 -65
936 876
988 -799
589 -923
-304 -821
904 415
-661 333
-667 450
263 969
845 301
-949 -588
656 729
940 -357
933 864
0 -532
300 136
-502 -920
-454 -893
912 -65
532 656
-378 -210
-147 -112
-5 -564
414 579
-209 -848
-634 -752
676 171
353 303
520 131
-316 -983
-172 -536
762 177
678 -635
305 643
-52 187
526 -667
-384 -904
33 907
860 406
-608 -84
-775 -752
-434 436
74 219
243 315
492 -310
121 -166
-880 990
903 705
-167 -479
-676 934
-183 -633
-169 310
-551 864
-969 -994
266 949
1 -160
-180 -331
-170 -455
570 -909
-703 348
146 967
-66 -189
-842 247
-664 -554
-207 832
-907 381
693 -399
-479 873
-322 953
-142 772
-14 -73
497 896
-288 140
335 555
-983 459
364 540
-852 775
-966 963
-699 -551
-855 599
79 -29
-713 618
234 -738
502 243
-699 -212
598 978
-178 890
-120 -301
-801 -230
509 588
-170 -659
241 -335
-124 459
305 -335
775 -373
-10 697
-566 88
-583 59
545 -562
-526 831
-497 117
-963 -71
-277 -274
419 -585
422 -822
-505 -904
-480 738
418 -752
-592 -939
-693 -129
-400 -990
606 -456
-43 -72
413 572
244 -901
262 623
-576 287
-578 -730
890 532
-322 -978
-879 528
-632 265
-338 -48
-882 -224
-448 789
589 178
556 244
-463 -69
216 -679
-901 98
-138 -172
-631 382
-24 -462
194 570
-276 -956
-862 -288
-805 -574
-112 795
376 -164
-557 -525
-569 -870
-400 982
-954 286
-722 987
-2 -947
-683 -103
560 31
-905 101
892 -583
6 -100
548 247
244 -428
990 -270
-757 -107
-497 372
-401 472
-394 -868
-210 -186
820 -286
337 -747
998 710
230 176
-6 -138
164 34
-301 302
183 -118
-969 -673
445 -389
229 -325
-130 -367
-54 -618
-689 719
-121 553
-595 -32
-643 -43
874 200
908 850
380 36
-470 -33
-1 -965
241 995
-340 -898
-332 549
-544 -878
-773 169
-447 -633
383 599
355 -359
235 976
-779 910
-112 -270
-679 -985
102 -697
506 54
-603 -764
-734 -778
-829 -853
5 454
701 270
-530 395
-384 -911
349 260
-252 -378
-556 693
807 242
-211 -996
679 -343
152 422
514 -810
483 512
333 402
230 -757
45 191
-310 -598
-692 -223
25 -626
-190 43
278 -594
408 626
635 727
-7 670
-5 -789
-929 -576
-177 934
553 -180
-257 273
-752 -703
-629 128
965 -777
-480 796
-238 946
131 -827
-667 -20
-553 -55
-642 -87
3 953
-194 989
-433 -434
27 -183
-558 251
674 -893
-387 327
455 -248
426 -690
313 517
-797 -807
-522 233
-703 588
661 -698
340 -880
362 148
601 517
255 -329
-703 516
552 423
-890 21
-866 -507
-798 -386
476 156
-288 327
-743 256
792 -182
-643 264
423 464
680 783
480 -958
-121 904
681 -249
-130 -312
876 -834
229 -999
-991 -47
-491 599
-36 359
398 576
-284 -726
-136 32
740 48
882 406
-804 0
997 -278
687 -284
985 -944
-10 486
907 763
331 -637
-814 -352
448 50
139 323
216 117
-528 -733
611 -260
89 367
-446 -339
772 -831
195 985
943 322
812 -749
-615 903
-569 960
939 -999
-54 -153
-968 975
-326 -16
-201 732
216 249
-173 -183
914 -432
718 110
-671 60
-432 -789
-108 -177
-870 260
240 -232
631 -413
857 -376
333 807
819 898
129 230
584 157
753 -626
168 389
765 837
239 -426
-72 598
395 518
-272 551
-246 -297
614 -749
301 219
-557 -740
-51 -508
867 -189
-822 247
-522 689
716 402
-180 -928
745 -986
176 857
-623 475
997 506
576 -382
363 666
-797 406
-321 432
359 -71
-881 -321
174 -286
-123 843
-910 -278
904 -612
396 -648
174 769
878 -269
865 836
-975 -141
217 866
-49 -534
270 -659
-776 429
589 171
495 -422
-460 -817
184 181
-868 -74
809 789
-640 665
524 -718
953 -170
900 -576
-45 -851
-505 -557
-255 -548
263 694
237 315
719 178
-233 337
-773 419
-468 852
420 -866
-274 917
569 508
-311 580
33 112
897 478
752 554
388 408
-722 -130
748 -773
-21 491
-406 -685
-335 -217
163 -841
80 -379
-512 397
5 -232
-961 175
774 -824
-38 55
-259 -861
386 426
152 96
542 -187
201 61
-614 -72
387 854
-857 -924
462 -807
-32 984
-29 -93
596 -797
803 309
-746 -767
780 587
-872 -557
902 398
999 -367
-321 492
370 -734
-368 143
-114 940
612 301
-747 838
621 974
-319 -78
190 439
306 -691
-880 -787
-411 -839
-223 420
45 -140
679 -22
-754 -231
744 -804
-730 324
934 -572
-697 -115
-114 -59
-463 916
-504 -676
-696 -941
-629 -122
634 -151
-294 716
311 -908
910 -271
712 -802
-971 -748
226 937
-342 242
581 -650
108 -585
904 507
773 -218
-619 -82
650 340
831 -673
-570 -828
-796 -774
451 -353
779 545
837 668
287 740
133 -979
217 -304
712 908
-729 -676
835 841
-57 -368
-717 -408
846 -983
359 30
-234 291
-924 -252
-919 -896
288 789
233 -801
-508 -91
616 935
-165 283
-852 -604
453 994
-813 -190
96 2
922 -821
-234 876
844 -691
-899 340
-796 -650
-748 436
75 -87
270 143
371 803
799 -350
-639 725
953 178
539 901
-332 -239
893 834
354 731
-229 -494
300 534
896 291
331 -594
-959 -122
582 120
-158 135
-549 361
917 204
192 16
-887 594
-198 78
91 828
914 -374
-733 739
52 310
-57 -906
-370 -33
-299 103
954 -171
-542 -242
866 426
-766 544
925 34
-128 -825
449 -128
766 244
947 281
-30 -761
-109 -770
-218 -435
17 -546
-326 -450
251 -763
427 -233
455 910
-758 848
-724 -375
-885 755
-872 -947
880 -888
-806 497
749 -565
-651 68
-224 451
824 898
395 -489
-553 981
-601 762
-179 982
132 558
-18 -452
-819 811
-425 809
-3 -959
824 469
738 993
594 994
82 -867
884 -746
391 77
856 968
635 771
922 13
